1.439043558086093577e-01
1.348301589780545595e-01
2.646153589966555864e-02
2.826732223716981740e-01
-1.974682524218150659e-01
1.602900904726212161e-01
1.110724621379194643e-01
2.874015922506618134e-03
1.053812913755914904e-01
1.325182127347181160e-01
-2.507813672308856767e-01
-1.409656261053575943e-01
-1.848958630695870797e-01
-1.828034267119681144e-02
1.636401239750237546e-01
-9.627487501489373489e-02
1.251267077856878240e-01
1.304761125053342241e-01
-3.453641809223516324e-02
1.219356037583597258e-02
-2.830425001748380649e-03
-1.881163354894589967e-01
3.524069145983304008e-01
2.578433133789417159e-02
1.874435739388216268e-03
-4.292018597699259752e-01
3.958722836604405132e-02
1.321376047993094438e-01
1.740895529417085114e-02
2.106111943964350530e-02
3.022595492101738321e-02
9.672500020973305579e-02
