1.224391084199549480e-03
5.023536151784251070e-04
1.011635378441843279e-03
-2.569198653435040853e-03
-3.156944856575103885e-03
-2.658092686599528454e-03
1.816009449960623279e-04
1.638309959693385590e-04
-1.979245361846240824e-04
3.656956366739850996e-03
1.606943195049696229e-03
3.084269076818205928e-04
1.325819546727988402e-03
3.041397022000060131e-03
3.972655966097010834e-03
2.041058813068987409e-04
8.084420187955936987e-04
1.108372072450119952e-03
-7.132740381584381758e-04
1.475378121827251258e-03
-1.632467042152419760e-04
6.741223940033685947e-05
-6.920439033356467779e-04
-1.088856007407336705e-03
-4.051904447252129698e-05
-7.196076051697380082e-06
1.953382094220928403e-03
-1.162082448209197667e-03
3.658474273954473574e-04
-2.457088744818848591e-03
1.090053138769690028e-05
8.173868549297607169e-05
